1.     1.18591
0.99   1.1425
0.98   1.10054
0.97   1.05993
0.96   1.0206
0.95   0.98254
0.94   0.945714
0.93   0.91009
0.92   0.875635
0.91   0.842316
0.9    0.810102
0.89   0.778961
0.88   0.748861
0.87   0.719771
0.86   0.69166
0.85   0.664496
0.84   0.638247
0.833  0.6204
0.83   0.612881
0.82   0.588366
0.81   0.564667
0.8    0.54175
0.79   0.519579
0.78   0.498114
0.77   0.477314
0.76   0.45713
0.75   0.437509
0.74   0.418383
0.73   0.399668
0.72   0.381245
0.71   0.362937
0.7    0.344433
0.69   0.32507
0.68   0.302644
0.679  0.299924
0.678  0.296999
0.677  0.29377
0.676  0.290028
0.675  0.285115
0.6745 0.274813
0.6746 0.273848
0.6747 0.273093
0.6748 0.272455
0.6749 0.271896
0.675  0.271393
0.676  0.267857
0.677  0.265496
0.678  0.263655
0.679  0.262122
0.68   0.260801
0.681  0.259635
0.682  0.258589
0.683  0.25764
0.684  0.25677
0.685  0.255968
0.686  0.255222
0.687  0.254526
0.688  0.253874
0.689  0.25326
0.69   0.252681
0.691  0.252132
0.695  0.250196
0.7    0.248216
0.71   0.24522
0.72   0.243052
0.73   0.241422
0.74   0.240172
0.75   0.239207
0.76   0.238464
0.77   0.237899
0.78   0.23748
0.79   0.237185
0.8    0.236994
0.81   0.236895
0.82   0.236875
0.83   0.236926
0.84   0.237041
0.85   0.237214
0.86   0.23744
0.87   0.237716
0.88   0.238037
0.89   0.238402
0.9    0.23881
0.91   0.239257
0.92   0.239746
0.93   0.240275
0.94   0.240847
0.95   0.241464
0.96   0.242133
0.97   0.242864
0.98   0.243675
0.99   0.244602
1.     0.245729