1.    1.39609
0.99  1.35244
0.98  1.31016
0.97  1.26921
0.96  1.22956
0.95  1.19118
0.94  1.15403
0.93  1.11808
0.92  1.08331
0.91  1.04966
0.9   1.01713
0.89  0.98566
0.88  0.955236
0.87  0.925821
0.86  0.897383
0.85  0.86989
0.84  0.843308
0.83  0.817604
0.82  0.792745
0.81  0.768693
0.8   0.745411
0.79  0.722859
0.78  0.700992
0.77  0.67976
0.76  0.659103
0.75  0.638951
0.74  0.619206
0.73  0.599737
0.72  0.580334
0.71  0.560613
0.7   0.539687
0.69  0.513673
0.689 0.509922
0.688 0.505207
0.688 0.488997
0.689 0.485805
0.69  0.483583
0.691 0.48183
0.695 0.477004
0.7   0.473189
0.71  0.46851
0.72  0.465681
0.73  0.463835
0.74  0.462611
0.75  0.46182
0.76  0.461353
0.77  0.461136
0.78  0.46112
0.79  0.461271
0.8   0.461563
0.81  0.461975
0.82  0.462493
0.83  0.463104
0.84  0.463799
0.85  0.46457
0.86  0.46541
0.87  0.466314
0.88  0.467278
0.89  0.468299
0.9   0.469372
0.91  0.470497
0.92  0.47167
0.93  0.47289
0.94  0.474156
0.95  0.475467
0.96  0.476823
0.97  0.478225
0.98  0.479674
0.99  0.481172
1.    0.482724