1.    1.29096
0.99  1.24744
0.99  1.24744
0.98  1.20532
0.97  1.16454
0.96  1.12506
0.95  1.08684
0.94  1.04985
0.93  1.01407
0.92  0.979451
0.91  0.945971
0.9   0.913596
0.89  0.882293
0.88  0.852032
0.87  0.82278
0.86  0.794507
0.85  0.767179
0.84  0.740765
0.83  0.715232
0.82  0.690547
0.81  0.666674
0.8   0.643578
0.79  0.62122
0.78  0.59956
0.77  0.57855
0.76  0.558139
0.75  0.538265
0.74  0.518849
0.73  0.499786
0.72  0.480922
0.71  0.462006
0.7   0.442544
0.69  0.421207
0.685 0.408275
0.684 0.405178
0.683 0.401709
0.682 0.397555
0.681 0.391256
0.681 0.383
0.682 0.378146
0.683 0.375443
0.684 0.373431
0.685 0.371797
0.69  0.366268
0.7   0.360189
0.71  0.356604
0.72  0.354203
0.73  0.352513
0.74  0.351304
0.75  0.350444
0.76  0.34985
0.77  0.349467
0.78  0.349255
0.79  0.349187
0.8   0.34924
0.81  0.349398
0.82  0.349648
0.83  0.34998
0.84  0.350385
0.85  0.350856
0.86  0.351388
0.87  0.351977
0.88  0.352618
0.89  0.353308
0.9   0.354046
0.91  0.354828
0.92  0.355654
0.93  0.356522
0.94  0.357433
0.95  0.358387
0.96  0.359385
0.97  0.360429
0.98  0.361526
0.99  0.362684
1.    0.363923