1.    1.50129
0.995 1.47921
0.99  1.45747
0.98  1.41503
0.97  1.37392
0.96  1.33411
0.95  1.29556
0.94  1.25825
0.93  1.22214
0.92  1.1872
0.91  1.15339
0.9   1.12069
0.89  1.08906
0.88  1.05847
0.87  1.02889
0.86  1.00029
0.85  0.972624
0.84  0.945871
0.83  0.919993
0.82  0.894955
0.81  0.870718
0.8   0.847243
0.79  0.824487
0.78  0.802401
0.77  0.78093
0.76  0.760005
0.75  0.739541
0.74  0.71942
0.73  0.699463
0.72  0.679366
0.71  0.658494
0.7   0.634847
0.699 0.632072
0.698 0.629135
0.697 0.625972
0.696 0.62247
0.695 0.618376
0.694 0.612786
0.694 0.600634
0.695 0.59664
0.696 0.594147
0.697 0.592253
0.7   0.58824
0.7   0.58824
0.72  0.577609
0.73  0.575456
0.74  0.574136
0.75  0.573368
0.76  0.572995
0.77  0.572924
0.78  0.57309
0.79  0.57345
0.8   0.573972
0.81  0.574633
0.82  0.575414
0.83  0.576301
0.84  0.577284
0.85  0.578353
0.86  0.579501
0.87  0.580722
0.88  0.58201
0.89  0.583362
0.9   0.584774
0.91  0.586243
0.92  0.587767
0.93  0.589344
0.94  0.590972
0.95  0.59265
0.96  0.594377
0.97  0.596153
0.98  0.597977
0.99  0.599851
1.    0.601774