1.    1.08097
0.99  1.03763
0.98  0.995796
0.97  0.955363
0.96  0.916195
0.95  0.878287
0.94  0.84162
0.93  0.806156
0.92  0.771861
0.91  0.738702
0.9   0.706647
0.89  0.675665
0.88  0.645726
0.87  0.616796
0.86  0.588845
0.85  0.561843
0.84  0.535756
0.83  0.510554
0.82  0.486205
0.81  0.462676
0.8   0.439933
0.79  0.417941
0.78  0.396663
0.77  0.376061
0.76  0.35609
0.75  0.336701
0.74  0.317837
0.73  0.299427
0.72  0.281376
0.71  0.263551
0.7   0.245741
0.69  0.227557
0.68  0.208065
0.67  0.182711
0.669 0.178535
0.668 0.171172
0.668 0.166941
0.669 0.16088
0.67  0.158014
0.671 0.155914
0.672 0.154215
0.673 0.152773
0.674 0.151512
0.675 0.150387
0.68  0.146048
0.69  0.140511
0.7   0.136866
0.71  0.1342
0.72  0.132144
0.73  0.130507
0.74  0.129177
0.75  0.128082
0.76  0.127173
0.77  0.126415
0.78  0.125782
0.79  0.125255
0.8   0.124818
0.81  0.12446
0.82  0.124172
0.83  0.123945
0.84  0.123773
0.85  0.123653
0.86  0.123578
0.87  0.123548
0.88  0.123559
0.89  0.123609
0.9   0.123699
0.91  0.123829
0.92  0.124
0.93  0.124217
0.94  0.124484
0.95  0.124812
0.96  0.125219
0.97  0.125736
0.98  0.126422
0.99  0.127409
1.    0.128884