1       0.975
0.999   0.971567
0.998   0.967084
0.997   0.962645
0.996   0.958261
0.995   0.953936
0.99   0.932897
0.98   0.891084
0.97   0.850867
0.96   0.811847
0.95   0.774081
0.94   0.737574
0.93   0.702269
0.92   0.668131
0.91   0.635129
0.9   0.603233
0.89   0.57241
0.88   0.542628
0.87   0.513857
0.86   0.486065
0.85   0.459221
0.84   0.433295
0.83   0.408254
0.82   0.384068
0.81   0.360704
0.8   0.33813
0.79   0.316312
0.78   0.295214
0.77   0.2748
0.76   0.255029
0.75   0.235857
0.74   0.217232
0.73   0.199093
0.72   0.181363
0.71   0.163939
0.7   0.146666
0.69   0.129293
0.68   0.111313
0.67   0.0913208
0.665   0.0787866
0.664   0.0756487
0.663   0.0719777
0.662   0.0670239
0.662   0.0546778
0.663   0.0509614
0.664   0.048533
0.665   0.046643
0.67   0.0404286
0.68   0.0334842
0.69   0.029111
0.7   0.0259223
0.71   0.0234332
0.72   0.0214101
0.73   0.0197206
0.74   0.0182821
0.75   0.0170394
0.76   0.0159536
0.77   0.0149965
0.78   0.0141469
0.79   0.0133884
0.8   0.0127083
0.81   0.0120965
0.82   0.0115451
0.83   0.0110476
0.84   0.0105989
0.85   0.0101949
0.86   0.00983266
0.87   0.00950995
0.88   0.00922552
0.89   0.00897905
0.9   0.00877131
0.91   0.00860445
0.92   0.00848251
0.93   0.00841221
0.94   0.00840453
0.95   0.00847753
0.96   0.00866214
0.97   0.00901506
0.98   0.00965201
0.99   0.0108537
0.995   0.0118918
0.996   0.0121609
0.997   0.0124581
0.998   0.0127884
0.999   0.0131589
1       0.0135
