1.    1.60653
0.995 1.58437
0.99  1.56256
0.98  1.51995
0.97  1.47867
0.96  1.4387
0.95  1.39999
0.94  1.36251
0.93  1.32623
0.92  1.29112
0.91  1.25715
0.9   1.22429
0.89  1.19249
0.88  1.16174
0.87  1.13199
0.86  1.10321
0.85  1.07538
0.84  1.04845
0.83  1.02239
0.82  0.997172
0.81  0.972743
0.8   0.949066
0.79  0.926095
0.78  0.903776
0.77  0.882045
0.76  0.860823
0.75  0.840005
0.74  0.819437
0.73  0.798871
0.72  0.77783
0.71  0.755076
0.705 0.741722
0.704 0.738644
0.703 0.735305
0.702 0.731552
0.701 0.727012
0.7   0.719402
0.7   0.713967
0.701 0.708028
0.702 0.705163
0.703 0.703094
0.705 0.700062
0.71  0.695284
0.72  0.690181
0.73  0.68747
0.74  0.685936
0.75  0.685122
0.76  0.684804
0.77  0.68485
0.78  0.685178
0.79  0.685733
0.8   0.686475
0.81  0.687377
0.82  0.688416
0.83  0.689576
0.84  0.690843
0.85  0.692208
0.86  0.693661
0.87  0.695196
0.88  0.696808
0.89  0.698491
0.9   0.700242
0.91  0.702056
0.92  0.703933
0.93  0.705868
0.94  0.707861
0.95  0.70991
0.96  0.712013
0.97  0.71417
0.98  0.716379
0.99  0.718642
1.    0.720956